31/12/2019	296.970000	0.000000	0.00	0.00
02/01/2020	296.970000	0.000000	0.00	0.00
03/01/2020	298.930000	1.960000	0.65	0.65
04/01/2020	305.910000	6.980000	2.33	3.01
06/01/2020	305.910000	0.000000	0.00	3.01
07/01/2020	311.220000	5.310000	1.73	4.79
08/01/2020	308.170000	-3.050000	-0.98	3.77
09/01/2020	313.600000	5.430000	1.76	5.59
10/01/2020	305.010000	-8.590000	-2.73	2.70
11/01/2020	305.140000	0.130000	0.04	2.75
13/01/2020	305.140000	0.000000	0.00	2.75
14/01/2020	304.480000	-0.660000	-0.21	2.52
15/01/2020	304.320000	-0.160000	-0.05	2.47
16/01/2020	305.120000	0.800000	0.26	2.74
17/01/2020	304.340000	-0.780000	-0.25	2.48
18/01/2020	306.730000	2.390000	0.78	3.28
20/01/2020	306.730000	0.000000	0.00	3.28
21/01/2020	308.890000	2.160000	0.70	4.01
22/01/2020	305.000000	-3.890000	-1.25	2.70
23/01/2020	305.790000	0.790000	0.25	2.96
24/01/2020	307.640000	1.850000	0.60	3.59
25/01/2020	307.630000	-0.010000	0.00	3.58
27/01/2020	307.630000	0.000000	0.00	3.58
28/01/2020	311.250000	3.620000	1.17	4.80
29/01/2020	310.220000	-1.030000	-0.33	4.46
30/01/2020	310.400000	0.180000	0.05	4.52
31/01/2020	312.740000	2.340000	0.75	5.31
01/02/2020	313.830000	1.090000	0.34	5.67
03/02/2020	313.830000	0.000000	0.00	5.67
04/02/2020	312.320000	-1.510000	-0.48	5.16
05/02/2020	308.060000	-4.260000	-1.36	3.73
06/02/2020	307.900000	-0.160000	-0.05	3.68
07/02/2020	310.210000	2.310000	0.75	4.45
08/02/2020	317.710000	7.500000	2.41	6.98
10/02/2020	317.710000	0.000000	0.00	6.98
11/02/2020	313.490000	-4.220000	-1.32	5.56
12/02/2020	313.140000	-0.350000	-0.11	5.44
13/02/2020	313.330000	0.190000	0.06	5.50
14/02/2020	316.620000	3.290000	1.05	6.61
15/02/2020	317.210000	0.590000	0.18	6.81
17/02/2020	317.210000	0.000000	0.00	6.81
18/02/2020	314.300000	-2.910000	-0.91	5.83
19/02/2020	319.260000	4.960000	1.57	7.50
20/02/2020	323.320000	4.060000	1.27	8.87
21/02/2020	326.300000	2.980000	0.92	9.87
22/02/2020	332.420000	6.120000	1.87	11.93
24/02/2020	332.420000	0.000000	0.00	11.93
25/02/2020	340.750000	8.330000	2.50	14.74
26/02/2020	335.260000	-5.490000	-1.61	12.89
27/02/2020	333.490000	-1.770000	-0.52	12.29
28/02/2020	338.270000	4.780000	1.43	13.90
29/02/2020	337.460000	-0.810000	-0.23	13.63
02/03/2020	337.460000	0.000000	0.00	13.63
03/03/2020	329.990000	-7.470000	-2.21	11.11
04/03/2020	327.650000	-2.340000	-0.70	10.33
05/03/2020	332.390000	4.740000	1.44	11.92
06/03/2020	335.390000	3.000000	0.90	12.93
07/03/2020	339.950000	4.560000	1.35	14.47
09/03/2020	339.950000	0.000000	0.00	14.47
10/03/2020	339.200000	-0.750000	-0.22	14.22
11/03/2020	338.550000	-0.650000	-0.19	14.00
12/03/2020	339.270000	0.720000	0.21	14.24
13/03/2020	334.680000	-4.590000	-1.35	12.69
14/03/2020	330.290000	-4.390000	-1.31	11.21
16/03/2020	330.290000	0.000000	0.00	11.21
17/03/2020	320.240000	-10.050000	-3.04	7.83
18/03/2020	329.810000	9.570000	2.98	11.05
19/03/2020	325.020000	-4.790000	-1.45	9.44
20/03/2020	322.010000	-3.010000	-0.92	8.43
21/03/2020	327.350000	5.340000	1.65	10.22
23/03/2020	327.350000	0.000000	0.00	10.22
24/03/2020	342.560000	15.210000	4.64	15.35
25/03/2020	345.350000	2.790000	0.81	16.29
26/03/2020	348.140000	2.790000	0.80	17.23
27/03/2020	349.470000	1.330000	0.38	17.67
28/03/2020	349.100000	-0.370000	-0.10	17.55
30/03/2020	349.100000	0.000000	0.00	17.55
31/03/2020	353.730000	4.630000	1.32	19.11
01/04/2020	350.850000	-2.880000	-0.81	18.14
02/04/2020	350.740000	-0.110000	-0.03	18.10
03/04/2020	353.800000	3.060000	0.87	19.13
04/04/2020	357.900000	4.100000	1.15	20.51
06/04/2020	357.900000	0.000000	0.00	20.51
07/04/2020	368.190000	10.290000	2.87	23.98
08/04/2020	371.120000	2.930000	0.79	24.96
09/04/2020	369.620000	-1.500000	-0.40	24.46
10/04/2020	370.080000	0.460000	0.12	24.61
11/04/2020	373.280000	3.200000	0.86	25.69
13/04/2020	373.280000	0.000000	0.00	25.69
14/04/2020	381.610000	8.330000	2.23	28.50
15/04/2020	392.390000	10.780000	2.82	32.13
16/04/2020	392.670000	0.280000	0.07	32.22
17/04/2020	397.620000	4.950000	1.26	33.89
18/04/2020	387.410000	-10.210000	-2.56	30.45
20/04/2020	387.410000	0.000000	0.00	30.45
21/04/2020	387.970000	0.560000	0.14	30.64
22/04/2020	386.350000	-1.620000	-0.41	30.09
23/04/2020	392.690000	6.340000	1.64	32.23
24/04/2020	392.690000	0.000000	0.00	32.23
25/04/2020	394.970000	2.280000	0.58	32.99
27/04/2020	394.970000	0.000000	0.00	32.99
28/04/2020	393.300000	-1.670000	-0.42	32.43
29/04/2020	390.290000	-3.010000	-0.76	31.42
30/04/2020	389.720000	-0.570000	-0.14	31.23
01/05/2020	391.280000	1.560000	0.40	31.75
04/05/2020	391.120000	-0.160000	-0.04	31.70
05/05/2020	398.860000	7.740000	1.97	34.30
06/05/2020	397.690000	-1.170000	-0.29	33.91
07/05/2020	402.310000	4.620000	1.16	35.47
08/05/2020	400.060000	-2.250000	-0.55	34.71
09/05/2020	402.360000	2.300000	0.57	35.48
11/05/2020	402.360000	0.000000	0.00	35.48
12/05/2020	394.470000	-7.890000	-1.96	32.83
13/05/2020	392.520000	-1.950000	-0.49	32.17
14/05/2020	392.470000	-0.050000	-0.01	32.15
15/05/2020	395.550000	3.080000	0.78	33.19
16/05/2020	396.050000	0.500000	0.12	33.36
18/05/2020	396.050000	0.000000	0.00	33.36
19/05/2020	393.970000	-2.080000	-0.52	32.66
20/05/2020	393.970000	0.000000	0.00	32.66
21/05/2020	389.300000	-4.670000	-1.18	31.09
22/05/2020	384.650000	-4.650000	-1.19	29.52
23/05/2020	388.700000	4.050000	1.05	30.88
26/05/2020	388.700000	0.000000	0.00	30.88
27/05/2020	396.100000	7.400000	1.90	33.38
28/05/2020	381.490000	-14.610000	-3.68	28.46
29/05/2020	388.960000	7.470000	1.95	30.97
30/05/2020	392.230000	3.270000	0.84	32.07
31/05/2020	392.230000	0.000000	0.00	32.07
